base_topic: /
cameras:
    - {image_base_topic: cam0/, image_topic: image_raw, info_topic: camera_info, 
       T_SC:
       [ 0.99982578,  0.01357848, -0.01280775, -0.0879175,
        0.0135898 , -0.99990734,  0.00079697, -0.01030476,
       -0.01279574, -0.00097088, -0.99991766, -0.01936703,
        0.0       ,  0.0       ,  0.0       ,  1.0       ],
       image_dimension: [752, 480],
       distortion_coefficients: [-0.28879977969065884, 0.07635297720620576, -6.157235335061043E-4, 2.1358217612372658E-4,  0.0],
       distortion_type: radialtangential,
       focal_length: [419.2944096622593, 417.8899593028823],
       principal_point: [394.2727418432908, 225.00245679676874]}
    - {image_base_topic: cam1/, image_topic: image_raw, info_topic: camera_info,
       T_SC:
       [ 0.9998333 ,  0.01443208, -0.01118425,  0.02181068,
        0.01440333, -0.99989276, -0.002647  , -0.01038045,
       -0.01122125,  0.00248547, -0.99993395, -0.0200569 ,
        0.0       ,  0.0       ,  0.0       ,  1.0        ],
       image_dimension: [752, 480],
       distortion_coefficients: [-0.2763855583756539, 0.06400258594575181, -4.43042576929755E-5, 5.242407807044555E-5, 0.0],
       distortion_type: radialtangential,
       focal_length: [419.34046476002567, 418.40907213001185],
       principal_point: [375.64747168090014, 253.5176919161448]}

camera_params:
    camera_rate: 20

# tranform Body-Sensor (IMU)
T_BS:
 [ 0.022789214978652,  -0.276148667572305,  -0.960844705555312,   0.100267246723946,
   0.999733616245747,   0.009806643581733,   0.020893127633146,   0.041346682419321,
   0.003653055931458,  -0.961064898876767,   0.276298589222908,  -0.086938811409547,
                 0.0,                 0.0,                 0.0,   1.000000000000000]

imu:
    - {imu_topic: imu0}

imu_params:
    a_max: 176.0 #m/s^2
    g_max: 7.8 #rad/s
    sigma_g_c: 8.0e-3 #4.0e-4
    sigma_a_c: 6.0e-2 #6.0e-3
    sigma_gw_c: 4.0e-5 #4.0e-6
    sigma_aw_c: 2.0e-3 #2.0e-4
    tau: 3600.0
    g: 9.81007
    imu_rate: 200
    #a0: [0.0, 0.0, 0.00]
    #a0: [-0.00671156, 0.04388946, 0.07086609]
    a0: [-0.0264265282122, -0.0414783435985, 0.00930882213806]
    #[09:49:28] Joern: accelerometer_noise_density: 1.7e-3, accelerometer_random_walk: 6.3895e-005,
#gyroscope_noise_density: 0.2e-3, gyroscope_random_walk: 2.8577e-006

# use the IMU at all?
useImu: true

# detection
detectionThreshold: 40.0
detectionOctaves: 0

# delay of images [s]:
imageDelay: 0.00 # this is after Joern's awesome adjastment.

# display Images?
displayImages: false

# use direct driver
useDriver: false

# save optimization to disk
saveGraphs: false

publish_rate: 50
