%YAML:1.0
# p23028
cameras:
    # cam2
    - {T_SC:
       [ 0.999938478378, -0.00875438470061, 0.00681176983821, -0.0705373862789,
         0.00875487568766, 0.999961674448, -4.22635418068e-05, -0.00873845142858,
         -0.00681113878207, 0.000101897139832, 0.999976798734, -0.000911544638711,
          0.0, 0.0, 0.0, 1.0],
       image_dimension: [752, 480],
       distortion_coefficients: [-0.0164819819743, 0.0653042649314, -0.0930226224191, 0.0511600808724],
       distortion_type: equidistant,
       focal_length: [471.92110582, 471.595692112],
       principal_point: [379.211810057, 204.661168041]}
    # cam0
    - {T_SC:
       [ 0.999976546345, -0.00621133884575, -0.00288548604547, 0.0398875370869,
         0.00621509266655, 0.99997984916, 0.00129379168423, -0.00870446517212,
         0.00287739172195, -0.00131169490325, 0.999995000024, -0.000850353750855,
          0.0, 0.0, 0.0, 1.0],
       image_dimension: [752, 480],
       distortion_coefficients: [-0.00255090895713, 0.0196913687243, -0.0250069164689, 0.0147528559273],
       distortion_type: equidistant,
       focal_length: [469.039774698, 468.793466331],
       principal_point: [365.277562352, 209.845219167]}

camera_params:
    camera_rate: 20
    sigma_absolute_translation: 0.0 #1.0e-8
    sigma_absolute_orientation: 0.0 #1.0e-3
    sigma_c_relative_translation: 0.0 #1.0e-6 # below 1.0e-6 ruines numerics...
    sigma_c_relative_orientation: 0.0 #1.0e-6 # below 1.0e-6 ruines numerics...
    timestamp_tolerance: 0.005 # seconds

# tranform Body-Sensor (IMU)
T_BS:
    [1.0000, 0.0000, 0.0000, 0.0000,
     0.0000, 1.0000, 0.0000, 0.0000,
     0.0000, 0.0000, 1.0000, 0.0000,
     0.0000, 0.0000, 0.0000, 1.0000]

imu_params:
    a_max: 176.0 #m/s^2
    g_max: 7.8 #rad/s
    sigma_g_c: 6.0e-4 #6.0e-4
    sigma_a_c: 2.0e-3 #2.0e-3
    sigma_gw_c: 3.0e-6 #3.0e-6
    sigma_aw_c: 2.0e-5 #2.0e-5
    tau: 3600.0
    g: 9.81007
    a0: [ 0.0, -0.0, 0.00 ]
    #[09:49:28] Joern: accelerometer_noise_density: 1.7e-3, accelerometer_random_walk: 6.3895e-005,
    imu_rate: 200
#gyroscope_noise_density: 0.2e-3, gyroscope_random_walk: 2.8577e-006

# dummy magnetometer
magnetometer_params:
    stdev: 2.0                           # measurement (white noise part) stdev [uT]
    biasPriorStdev: 5.0                  # prior [uT]
    zDistortionPriorStdev: 2.0           # prior [uT]
    tau_bias: 100.0                     # reversion time constant of bias [s]
    tau_zDistortion: 1000.0               # reversion time constant of z-component [s]
    biasDiffNoiseDensity: 1.0e-2         # bias noise density [uT/sqrt(Hz)]
    zDistortionDiffNoiseDensity: 1.0e-4  # z-component noise density [uT/sqrt(Hz)]

# use the IMU at all?
useImu: true

# VIO window parameters
numKeyframes: 5
numImuFrames: 3

# ceres optimization options
ceres_options:
    minIterations: 3
    maxIterations: 10
    timeLimit: 0.025      # [s] negative values will set the an unlimited time limit

# detection
detectionThreshold: 40.0
detectionOctaves: 0

# delay of images [s]: -8ms with zero-order hold integration at 200 Hz: makes sense.
imageDelay: 0.0 # -0.0055 without Joern's awesome synchronization, 0 otherwise

# display Images?
displayImages: false

# use direct driver
useDriver: false

# save optimization to disk
saveGraphs: false

# rate at which odometry updates are published
# only works properly if imu_rate/publish_rate is an integer!!
publish_rate: 20

publishing_options:
    landmarkQualityThreshold: 1.0e-5     # landmark with lower quality will not be published
    maximumLandmarkQuality: 0.05         # landmark with higher quality will be published with the maximum colour intensity
    maxPathLength: 20                    # maximum length of the published path
    publishImuPropagatedState: true      # publish state after each processed IMU measurement instead of after each processed image

