cam0:
  T_cam_imu:
  - [0.9999765463449752, 0.006215092666545553, 0.0028773917219534046, -0.03983005571987878]
  - [-0.006211338845750366, 0.9999798491600838, -0.0013116949032462642, 0.008950929373725307]
  - [-0.0028854860454673504, 0.0012937916842294963, 0.9999950000241796, 0.0009767061954149736]
  - [0.0, 0.0, 0.0, 1.0]
  cam_overlaps: [1]
  camera_model: pinhole
  distortion_coeffs: [-0.002550908957133755, 0.019691368724270335, -0.02500691646889447,
    0.014752855927341912]
  distortion_model: equidistant
  intrinsics: [469.03977469804505, 468.7934663310965, 365.27756235160285, 209.84521916704543]
  resolution: [752, 480]
  rostopic: /cam0/image_raw
cam2:
  T_cam_imu:
  - [0.9999384783776367, 0.0087548756876606, -0.0068111387820705, 0.0706033421034273]
  - [-0.0087543847006087, 0.9999616744483185, 0.0001018971398316, 0.0081206979911421]
  - [0.0068117698382113, -0.0000422635418068, 0.9999767987335819, 0.0013916386121350]
  - [0.000000, 0.000000, 0.000000, 1.000000]
  T_cn_cnm1:
  - [0.9999497473484675, 0.0025436915119241726, -0.009697031052171002, 0.1104347673232297]
  - [-0.0025306849772708958, 0.9999958820641586, 0.0013533248944473206, -0.00014332401565986995]
  - [0.009700433561466163, -0.001328716755475132, 0.99995206690146, 0.0007337794970649759]
  - [0.0, 0.0, 0.0, 1.0]
  cam_overlaps: [0]
  camera_model: pinhole
  distortion_coeffs: [-0.016481981974341645, 0.06530426493142324, -0.09302262241914837,
    0.05116008087241126]
  distortion_model: equidistant
  intrinsics: [471.9211058200027, 471.5956921120567, 379.2118100572685, 204.66116804074488]
  resolution: [752, 480]
  rostopic: /cam2/image_raw
# Cam1 and cam3 extrinsics taken from p23026, the intrisincs calibrated.
cam3:
  T_cam_imu:
  - [0.99998667862811, 0.0037687140115251804, -0.0035269478335720264, 0.01299194318898093]
  - [-0.004654123434954883, 0.36286954296954527, -0.9318283285670842, -0.10346015112711363]
  - [-0.0022319725297611503, 0.9318323301859476, 0.36288224910961636, -0.004197941429345299]
  - [0.0, 0.0, 0.0, 1.0]
  cam_overlaps: []
  camera_model: pinhole
  distortion_coeffs: [-0.007252978739181564, 0.029541663256710184, -0.03890194589761556,
    0.020680609455742186]
  distortion_model: equidistant
  intrinsics: [467.4947903217443, 466.9819726020084, 386.5791165570201, 242.81344712088833]
  resolution: [752, 480]
  rostopic: /cam3/image_raw
cam1:
  T_cam_imu:
  - [-0.99997601902077, -0.0009894669649075584, -0.006854366382080009, -0.02035563259128485]
  - [0.006090465734870274, 0.345485751457208, -0.9384042315373385, -0.10877185188215922]
  - [0.0032966059071115935, -0.9384234739685361, -0.3454714400559323, -0.16450848806661875]
  - [0.0, 0.0, 0.0, 1.0]
  cam_overlaps: []
  camera_model: pinhole
  distortion_coeffs: [-0.009396776158739652, 0.04639259337214115, -0.06139594552184318,
    0.0292818547252359]
  distortion_model: equidistant
  intrinsics: [470.85621419271746, 470.57015742664913, 375.78952989028073, 260.4654139895252]
  resolution: [752, 480]
  rostopic: /cam1/image_raw
