cam0:
  T_cam_imu:
  - [0.9999765463449752, 0.006215092666545553, 0.0028773917219534046, -0.03983005571987878]
  - [-0.006211338845750366, 0.9999798491600838, -0.0013116949032462642, 0.008950929373725307]
  - [-0.0028854860454673504, 0.0012937916842294963, 0.9999950000241796, 0.0009767061954149736]
  - [0.0, 0.0, 0.0, 1.0]
  cam_overlaps: [1]
  camera_model: pinhole
  distortion_coeffs: [-0.002550908957133755, 0.019691368724270335, -0.02500691646889447,
    0.014752855927341912]
  distortion_model: equidistant
  intrinsics: [469.03977469804505, 468.7934663310965, 365.27756235160285, 209.84521916704543]
  resolution: [752, 480]
  rostopic: /cam0/image_raw
cam2:
  T_cam_imu:
  - [0.9999384783776367, 0.0087548756876606, -0.0068111387820705, 0.0706033421034273]
  - [-0.0087543847006087, 0.9999616744483185, 0.0001018971398316, 0.0081206979911421]
  - [0.0068117698382113, -0.0000422635418068, 0.9999767987335819, 0.0013916386121350]
  - [0.000000, 0.000000, 0.000000, 1.000000]
  T_cn_cnm1:
  - [0.9999497473484675, 0.0025436915119241726, -0.009697031052171002, 0.1104347673232297]
  - [-0.0025306849772708958, 0.9999958820641586, 0.0013533248944473206, -0.00014332401565986995]
  - [0.009700433561466163, -0.001328716755475132, 0.99995206690146, 0.0007337794970649759]
  - [0.0, 0.0, 0.0, 1.0]
  cam_overlaps: [0]
  camera_model: pinhole
  distortion_coeffs: [-0.016481981974341645, 0.06530426493142324, -0.09302262241914837,
    0.05116008087241126]
  distortion_model: equidistant
  intrinsics: [471.9211058200027, 471.5956921120567, 379.2118100572685, 204.66116804074488]
  resolution: [752, 480]
  rostopic: /cam2/image_raw
# Cam1 and cam3 extrinsics taken from p23026, the intrisincs calibrated.
cam3:
  T_cam_imu:
  - [0.9999889481033852, 0.00019462297547791219, -0.00469742407953678, 0.007259386165975191]
  - [-0.004434721331789126, 0.37080103907837886, -0.9287017404232127, -0.11307389925425715]
  - [0.0015610630336313537, 0.9287123082743614, 0.3707978041222912, 0.024237814390160147]
  - [0.0, 0.0, 0.0, 1.0]
  cam_overlaps: []
  camera_model: pinhole
  distortion_coeffs: [-0.007252978739181564, 0.029541663256710184, -0.03890194589761556,
    0.020680609455742186]
  distortion_model: equidistant
  intrinsics: [467.4947903217443, 466.9819726020084, 386.5791165570201, 242.81344712088833]
  resolution: [752, 480]
  rostopic: /cam3/image_raw
cam1:
  T_cam_imu:
  - [-0.9999832113430148, -0.0049198012277669075, -0.003061468273538521, -0.016961048330363226]
  - [0.001158522203087591, 0.34791974978674134, -0.9375236026546934, -0.11222057120254704]
  - [0.005677575047110587, -0.9375114096714823, -0.3479082089824468, -0.1502633272934239]
  - [0.0, 0.0, 0.0, 1.0]
  cam_overlaps: []
  camera_model: pinhole
  distortion_coeffs: [-0.009396776158739652, 0.04639259337214115, -0.06139594552184318,
    0.0292818547252359]
  distortion_model: equidistant
  intrinsics: [470.85621419271746, 470.57015742664913, 375.78952989028073, 260.4654139895252]
  resolution: [752, 480]
  rostopic: /cam1/image_raw
