cam0:
  T_cam_imu:
  - [0.9999765463449752, 0.006215092666545553, 0.0028773917219534046, -0.03983005571987878]
  - [-0.006211338845750366, 0.9999798491600838, -0.0013116949032462642, 0.008950929373725307]
  - [-0.0028854860454673504, 0.0012937916842294963, 0.9999950000241796, 0.0009767061954149736]
  - [0.0, 0.0, 0.0, 1.0]
  cam_overlaps: [1]
  camera_model: pinhole
  distortion_coeffs: [-0.2857286489960535, 0.07764099646292442, 4.401988235524131e-05,
    0.00012032360961511926]
  distortion_model: radtan
  intrinsics: [467.5613888108864, 467.42651192238304, 365.3617648820164, 211.09087832289245]
  resolution: [752, 480]
  rostopic: /cam0/image_raw
cam2:
  T_cam_imu:
  - [0.9999384783776367, 0.0087548756876606, -0.0068111387820705, 0.0706033421034273]
  - [-0.0087543847006087, 0.9999616744483185, 0.0001018971398316, 0.0081206979911421]
  - [0.0068117698382113, -0.0000422635418068, 0.9999767987335819, 0.0013916386121350]
  - [0.000000, 0.000000, 0.000000, 1.000000]
  T_cn_cnm1:
  - [0.9999497473484675, 0.0025436915119241726, -0.009697031052171002, 0.1104347673232297]
  - [-0.0025306849772708958, 0.9999958820641586, 0.0013533248944473206, -0.00014332401565986995]
  - [0.009700433561466163, -0.001328716755475132, 0.99995206690146, 0.0007337794970649759]
  - [0.0, 0.0, 0.0, 1.0]
  cam_overlaps: [0]
  camera_model: pinhole
  distortion_coeffs: [-0.2892055425152695, 0.08089646009342233, -0.0003154703971870805,
    0.00011869007145854248]
  distortion_model: radtan
  intrinsics: [469.99037931926017, 469.8683778040099, 379.5933143948341, 206.0516805941331]
  resolution: [752, 480]
  rostopic: /cam2/image_raw
