cam0:
  T_cam_imu:
  - [0.9999831229007671, -0.003188671372951771, 0.004856571682297266, -0.03791631630591442]
  - [0.003159828748516028, 0.9999773952252266, 0.005935024924257835, 0.005164972463373827]
  - [-0.0048753867446619525, -0.005919578823432285, 0.9999705941629702, 0.004279335997721383]
  - [0.0, 0.0, 0.0, 1.0]
  cam_overlaps: [1]
  camera_model: pinhole
  distortion_coeffs: [-0.29296476301423385, 0.08513028448175952, 0.0002733115920288856,
    0.0002104605102536676]
  distortion_model: radtan
  intrinsics: [467.9934388277659, 467.8864343448909, 363.2209378123828, 220.45607559844308]
  resolution: [752, 480]
  rostopic: /cam0/image_raw
cam2:
  T_cam_imu:
  - [0.9999936382165029, -0.0017972282291139, -0.0030811519286847, 0.0725335618618257]
  - [0.0018143554277909, 0.9999828695997737, 0.0055649457658461, 0.0059527258922715]
  - [0.0030710976696951, -0.0055705006675916, 0.9999797687360523, 0.0043063896710576]
  - [0.000000, 0.000000, 0.000000, 1.000000]
  T_cn_cnm1:
  - [0.9999675214882082, 0.001389735067386099, -0.007938803761588861, 0.11045037136299693]
  - [-0.0013925162773499647, 0.9999989710002213, -0.00034481431041951825, 0.00043538711089761783]
  - [0.00793831639202265, 0.0003558580248245722, 0.999968427750556, 0.0005681359646575936]
  - [0.0, 0.0, 0.0, 1.0]
  cam_overlaps: [0]
  camera_model: pinhole
  distortion_coeffs: [-0.28858403178111114, 0.08016524518218378, -5.510220675281185e-05,
    0.00013334155007942953]
  distortion_model: radtan
  intrinsics: [467.6914840326118, 467.63491830927126, 396.1492597785827, 241.15164616504833]
  resolution: [752, 480]
  rostopic: /cam2/image_raw
