cam0:
  T_cam_imu:
  - [0.9999831229007671, -0.003188671372951771, 0.004856571682297266, -0.03791631630591442]
  - [0.003159828748516028, 0.9999773952252266, 0.005935024924257835, 0.005164972463373827]
  - [-0.0048753867446619525, -0.005919578823432285, 0.9999705941629702, 0.004279335997721383]
  - [0.0, 0.0, 0.0, 1.0]
  cam_overlaps: [1]
  camera_model: pinhole
  distortion_coeffs: [-0.0082735187636616, 0.03994478018338302, -0.057044226695978265,
    0.03179761116695755]
  distortion_model: equidistant
  intrinsics: [469.6513214960835, 469.1778992888362, 364.82140370308355, 220.39298640539886]
  resolution: [752, 480]
  rostopic: /cam0/image_raw
cam2:
  T_cam_imu:
  - [0.9999936382165029, -0.0017972282291139, -0.0030811519286847, 0.0725335618618257]
  - [0.0018143554277909, 0.9999828695997737, 0.0055649457658461, 0.0059527258922715]
  - [0.0030710976696951, -0.0055705006675916, 0.9999797687360523, 0.0043063896710576]
  - [0.000000, 0.000000, 0.000000, 1.000000]
  T_cn_cnm1:
  - [0.9999675214882082, 0.001389735067386099, -0.007938803761588861, 0.11045037136299693]
  - [-0.0013925162773499647, 0.9999989710002213, -0.00034481431041951825, 0.00043538711089761783]
  - [0.00793831639202265, 0.0003558580248245722, 0.999968427750556, 0.0005681359646575936]
  - [0.0, 0.0, 0.0, 1.0]
  cam_overlaps: [0]
  camera_model: pinhole
  distortion_coeffs: [-0.005254799038081926, 0.03074121203394508, -0.042877834071313785,
    0.024105090183969814]
  distortion_model: equidistant
  intrinsics: [469.51002141949664, 469.1180191113932, 397.7194347750966, 240.90461987122626]
  resolution: [752, 480]
  rostopic: /cam2/image_raw
# Cam1 and cam3 extrinsics taken from p23026, the intrisincs calibrated.
cam3:
  T_cam_imu:
  - [0.99998667862811, 0.0037687140115251804, -0.0035269478335720264, 0.01299194318898093]
  - [-0.004654123434954883, 0.36286954296954527, -0.9318283285670842, -0.10346015112711363]
  - [-0.0022319725297611503, 0.9318323301859476, 0.36288224910961636, -0.004197941429345299]
  - [0.0, 0.0, 0.0, 1.0]
  cam_overlaps: []
  camera_model: pinhole
  distortion_coeffs: [-0.0022611726793080726, 0.024661931003913094, -0.03482649936538219,
    0.019650514751119036]
  distortion_model: equidistant
  intrinsics: [471.2038416298429, 471.356108242495, 390.9389018989557, 240.20183743012836]
  resolution: [752, 480]
  rostopic: /cam3/image_raw
cam1:
  T_cam_imu:
  - [-0.99997601902077, -0.0009894669649075584, -0.006854366382080009, -0.02035563259128485]
  - [0.006090465734870274, 0.345485751457208, -0.9384042315373385, -0.10877185188215922]
  - [0.0032966059071115935, -0.9384234739685361, -0.3454714400559323, -0.16450848806661875]
  - [0.0, 0.0, 0.0, 1.0]
  cam_overlaps: []
  camera_model: pinhole
  distortion_coeffs: [-0.006733125598565539, 0.03951275728967446, -0.06516110406789255,
    0.04039312312703304]
  distortion_model: equidistant
  intrinsics: [468.7163585249435, 468.34393113518126, 375.3563245533147, 253.65276493943313]
  resolution: [752, 480]
  rostopic: /cam1/image_raw
