cam0:
  T_cam_imu:
  - [0.9999831229007671, -0.003188671372951771, 0.004856571682297266, -0.03791631630591442]
  - [0.003159828748516028, 0.9999773952252266, 0.005935024924257835, 0.005164972463373827]
  - [-0.0048753867446619525, -0.005919578823432285, 0.9999705941629702, 0.004279335997721383]
  - [0.0, 0.0, 0.0, 1.0]
  cam_overlaps: [1]
  camera_model: pinhole
  distortion_coeffs: [-0.0082735187636616, 0.03994478018338302, -0.057044226695978265,
    0.03179761116695755]
  distortion_model: equidistant
  intrinsics: [469.6513214960835, 469.1778992888362, 364.82140370308355, 220.39298640539886]
  resolution: [752, 480]
  rostopic: /cam0/image_raw
cam2:
  T_cam_imu:
  - [0.9999936382165029, -0.0017972282291139, -0.0030811519286847, 0.0725335618618257]
  - [0.0018143554277909, 0.9999828695997737, 0.0055649457658461, 0.0059527258922715]
  - [0.0030710976696951, -0.0055705006675916, 0.9999797687360523, 0.0043063896710576]
  - [0.000000, 0.000000, 0.000000, 1.000000]
  T_cn_cnm1:
  - [0.9999675214882082, 0.001389735067386099, -0.007938803761588861, 0.11045037136299693]
  - [-0.0013925162773499647, 0.9999989710002213, -0.00034481431041951825, 0.00043538711089761783]
  - [0.00793831639202265, 0.0003558580248245722, 0.999968427750556, 0.0005681359646575936]
  - [0.0, 0.0, 0.0, 1.0]
  cam_overlaps: [0]
  camera_model: pinhole
  distortion_coeffs: [-0.005254799038081926, 0.03074121203394508, -0.042877834071313785,
    0.024105090183969814]
  distortion_model: equidistant
  intrinsics: [469.51002141949664, 469.1180191113932, 397.7194347750966, 240.90461987122626]
  resolution: [752, 480]
  rostopic: /cam2/image_raw
# Cam1 and cam3 extrinsics taken from p23026, the intrisincs calibrated.
cam3:
  T_cam_imu:
  - [0.9999889481033852, 0.00019462297547791219, -0.00469742407953678, 0.007259386165975191]
  - [-0.004434721331789126, 0.37080103907837886, -0.9287017404232127, -0.11307389925425715]
  - [0.0015610630336313537, 0.9287123082743614, 0.3707978041222912, 0.024237814390160147]
  - [0.0, 0.0, 0.0, 1.0]
  cam_overlaps: []
  camera_model: pinhole
  distortion_coeffs: [-0.0022611726793080726, 0.024661931003913094, -0.03482649936538219,
    0.019650514751119036]
  distortion_model: equidistant
  intrinsics: [471.2038416298429, 471.356108242495, 390.9389018989557, 240.20183743012836]
  resolution: [752, 480]
  rostopic: /cam3/image_raw
cam1:
  T_cam_imu:
  - [-0.9999832113430148, -0.0049198012277669075, -0.003061468273538521, -0.016961048330363226]
  - [0.001158522203087591, 0.34791974978674134, -0.9375236026546934, -0.11222057120254704]
  - [0.005677575047110587, -0.9375114096714823, -0.3479082089824468, -0.1502633272934239]
  - [0.0, 0.0, 0.0, 1.0]
  cam_overlaps: []
  camera_model: pinhole
  distortion_coeffs: [-0.006733125598565539, 0.03951275728967446, -0.06516110406789255,
    0.04039312312703304]
  distortion_model: equidistant
  intrinsics: [468.7163585249435, 468.34393113518126, 375.3563245533147, 253.65276493943313]
  resolution: [752, 480]
  rostopic: /cam1/image_raw
