cam0:
  T_cam_imu:
  - [0.9999042832600683, 0.013184281801281882, 0.004195119968909602, -0.03825591668370576]
  - [-0.01319875071748843, 0.9999069746788523, 0.003440198843495182, 0.008038959996270845]
  - [-0.0041493731655221555, -0.003495239901576761, 0.9999852828918853, 0.0068378436217280065]
  - [0.0, 0.0, 0.0, 1.0]
  cam_overlaps: [1]
  camera_model: pinhole
  distortion_coeffs: [-0.009516996018791867, 0.041447790259223447, -0.06013912109088932,
    0.03427300968244102]
  distortion_model: equidistant
  intrinsics: [472.6605702495324, 472.23152699092236, 369.0729220968049, 233.18490683153968]
  resolution: [752, 480]
  rostopic: /cam0/image_raw
cam2:
  T_cam_imu:
  - [0.9999664220981203, 0.0080190415700715, 0.0016880902162390, 0.0717696934871886]
  - [-0.0080170376816732, 0.9999671543535594, -0.0011905128525879, 0.0064529756399081]
  - [-0.0016975815418792, 0.0011769393947905, 0.9999978665130074, 0.0066545229355460]
  - [0.000000, 0.000000, 0.000000, 1.000000]
  T_cn_cnm1:
  - [0.9999835673533051, -0.005184926743176075, -0.0024457223927744284, 0.1100367725562772]
  - [0.0051734806613343886, 0.99997574370619, -0.0046633782921584365, -0.00013458742003044093]
  - [0.0024698423434340545, 0.004650648763008553, 0.9999861355763281, 0.000272796544539183]
  - [0.0, 0.0, 0.0, 1.0]
  cam_overlaps: [0]
  camera_model: pinhole
  distortion_coeffs: [-0.00751871277644426, 0.033650701288127804, -0.048320833378655184,
    0.026424505839793156]
  distortion_model: equidistant
  intrinsics: [473.9562126872465, 473.510335539432, 376.32757324549357, 253.9046952035116]
  resolution: [752, 480]
  rostopic: /cam2/image_raw
# Cam1 and cam3 extrinsics taken from p23026, the intrisincs calibrated.
cam3:
  T_cam_imu:
  - [0.99998667862811, 0.0037687140115251804, -0.0035269478335720264, 0.01299194318898093]
  - [-0.004654123434954883, 0.36286954296954527, -0.9318283285670842, -0.10346015112711363]
  - [-0.0022319725297611503, 0.9318323301859476, 0.36288224910961636, -0.004197941429345299]
  - [0.0, 0.0, 0.0, 1.0]
  cam_overlaps: []
  camera_model: pinhole
  distortion_coeffs: [-0.00035429438289008764, 0.022395895965617633, -0.03125265814598933,
    0.016898470272559436]
  distortion_model: equidistant
  intrinsics: [468.9730061838512, 468.2376260945437, 375.4318251120642, 253.15157439559658]
  resolution: [752, 480]
  rostopic: /cam3/image_raw
cam1:
  T_cam_imu:
  - [-0.99997601902077, -0.0009894669649075584, -0.006854366382080009, -0.02035563259128485]
  - [0.006090465734870274, 0.345485751457208, -0.9384042315373385, -0.10877185188215922]
  - [0.0032966059071115935, -0.9384234739685361, -0.3454714400559323, -0.16450848806661875]
  - [0.0, 0.0, 0.0, 1.0]
  cam_overlaps: []
  camera_model: pinhole
  distortion_coeffs: [0.001027238457102266, 0.008288867038912785, -0.007619522722678732,
    0.004270516378680796]
  distortion_model: equidistant
  intrinsics: [470.5546187463059, 470.14172874664075, 381.6617225745713, 247.2620521041997]
  resolution: [752, 480]
  rostopic: /cam1/image_raw
