cam0:
  T_cam_imu:
  - [0.9999042832600683, 0.013184281801281882, 0.004195119968909602, -0.03825591668370576]
  - [-0.01319875071748843, 0.9999069746788523, 0.003440198843495182, 0.008038959996270845]
  - [-0.0041493731655221555, -0.003495239901576761, 0.9999852828918853, 0.0068378436217280065]
  - [0.0, 0.0, 0.0, 1.0]
  cam_overlaps: [1]
  camera_model: pinhole
  distortion_coeffs: [-0.2951236555675213, 0.08805890795962992, 0.0010314266696092374,
    -0.00015436644613612435]
  distortion_model: radtan
  intrinsics: [468.33431458154996, 468.716488107416, 368.7367180458134, 230.63010606181288]
  resolution: [752, 480]
  rostopic: /cam0/image_raw
cam2:
  T_cam_imu:
  - [0.9999664220981203, 0.0080190415700715, 0.0016880902162390, 0.0717696934871886]
  - [-0.0080170376816732, 0.9999671543535594, -0.0011905128525879, 0.0064529756399081]
  - [-0.0016975815418792, 0.0011769393947905, 0.9999978665130074, 0.0066545229355460]
  - [0.000000, 0.000000, 0.000000, 1.000000]
  T_cn_cnm1:
  - [0.9999835673533051, -0.005184926743176075, -0.0024457223927744284, 0.1100367725562772]
  - [0.0051734806613343886, 0.99997574370619, -0.0046633782921584365, -0.00013458742003044093]
  - [0.0024698423434340545, 0.004650648763008553, 0.9999861355763281, 0.000272796544539183]
  - [0.0, 0.0, 0.0, 1.0]
  cam_overlaps: [0]
  camera_model: pinhole
  distortion_coeffs: [-0.2926755621513489, 0.08521391901876262, 0.0013773183152976471,
    -5.537343957180282e-05]
  distortion_model: radtan
  intrinsics: [469.404348466045, 469.8083448781024, 376.4695416906196, 251.07137864329488]
  resolution: [752, 480]
  rostopic: /cam2/image_raw
