# 2.8mm lens

Cam_fx: 0.568867
Cam_fy: 0.895382
Cam_cx: 0.484438
Cam_cy: 0.492686
Cam_s: 0.923444

