cam0:
  T_cam_imu:
  - [0.9999924381215111, 0.003053466055055878, 0.0024083282266012273, -0.033919482115710164]
  - [-0.0030774923713296092, 0.9999448968610954, 0.010036547322560185, 0.007951275827815496]
  - [-0.002377549263597029, -0.010043883039153904, 0.9999467324177801, 0.00846968964454509]
  - [0.0, 0.0, 0.0, 1.0]
  cam_overlaps: [1]
  camera_model: pinhole
  distortion_coeffs: [-0.010209777362601587, 0.048087321756956604, -0.07558294919338213,
    0.04766022597027853]
  distortion_model: equidistant
  intrinsics: [472.1798228792008, 471.56865502736963, 372.1527343321873, 219.84816356781627]
  resolution: [752, 480]
  rostopic: /cam0/image_raw
cam2:
  T_cam_imu:
  - [0.999980978911075,   0.004663521760432,  -0.004036506017955,   0.076155225841369]
  - [-0.004613665138268,   0.999914029699208,   0.012273846368483,   0.008429325130583]
  - [0.004093398347942,  -0.012254989819464,   0.999916526173302,   0.007032195236920]
  - [0.0, 0.0, 0.0, 1.0]
  T_cn_cnm1:
  - [0.9999778834394598, 0.0016153955390827547, -0.006451598963414448, 0.11007582210620079]
  - [-0.0016011165502701913, 0.9999962588873221, 0.0022178000691127717, 0.0008285703707170159]
  - [0.0064551574515940135, -0.0022074212571272546, 0.9999767288460581, -0.0011675238451157087]
  - [0.0, 0.0, 0.0, 1.0]
  cam_overlaps: [0]
  camera_model: pinhole
  distortion_coeffs: [0.005607134386698993, -0.03309364455152734, 0.0741160530359484,
    -0.04707649237679751]
  distortion_model: equidistant
  intrinsics: [468.4347356756471, 467.74142438522057, 381.7863900208179, 249.97381969372634]
  resolution: [752, 480]
  rostopic: /cam2/image_raw
cam3:
  T_cam_imu:
  - [0.9999889481033852, 0.00019462297547791219, -0.00469742407953678, 0.007259386165975191]
  - [-0.004434721331789126, 0.37080103907837886, -0.9287017404232127, -0.11307389925425715]
  - [0.0015610630336313537, 0.9287123082743614, 0.3707978041222912, 0.024237814390160147]
  - [0.0, 0.0, 0.0, 1.0]
  cam_overlaps: []
  camera_model: pinhole
  distortion_coeffs: [-0.00817767389549578, 0.004102067738888633, 0.017955987510013524,
    -0.012159120430699862]
  distortion_model: equidistant
  intrinsics: [473.33771747682175, 472.32603711310435, 394.8369497641131, 260.991480456339]
  resolution: [752, 480]
  rostopic: /cam3/image_raw
cam1:
  T_cam_imu:
  - [-0.9999832113430148, -0.0049198012277669075, -0.003061468273538521, -0.016961048330363226]
  - [0.001158522203087591, 0.34791974978674134, -0.9375236026546934, -0.11222057120254704]
  - [0.005677575047110587, -0.9375114096714823, -0.3479082089824468, -0.1502633272934239]
  - [0.0, 0.0, 0.0, 1.0]
  cam_overlaps: []
  camera_model: pinhole
  distortion_coeffs: [0.0006245834353584233, 0.011467627132621309, -0.016279450709081884,
    0.010337920022774784]
  distortion_model: equidistant
  intrinsics: [473.9181880700774, 473.18988199181115, 375.2357896245648, 249.02896526753435]
  resolution: [752, 480]
  rostopic: /cam1/image_raw
