cam0:
  T_cam_imu:
  - [0.9999924381215111, 0.003053466055055878, 0.0024083282266012273, -0.033919482115710164]
  - [-0.0030774923713296092, 0.9999448968610954, 0.010036547322560185, 0.007951275827815496]
  - [-0.002377549263597029, -0.010043883039153904, 0.9999467324177801, 0.00846968964454509]
  - [0.0, 0.0, 0.0, 1.0]
  cam_overlaps: [1]
  camera_model: pinhole
  distortion_coeffs: [-0.287341290424841, 0.08083209839414808, 0.000528861969582604,
    -0.000235442346883024]
  distortion_model: radtan
  intrinsics: [467.3804397735663, 467.40482789965756, 372.7431400326988, 218.04461072517475]
  resolution: [752, 480]
  rostopic: /cam0/image_raw
cam2:
  T_cam_imu:
  - [0.999980978911075,   0.004663521760432,  -0.004036506017955,   0.076155225841369]
  - [-0.004613665138268,   0.999914029699208,   0.012273846368483,   0.008429325130583]
  - [0.004093398347942,  -0.012254989819464,   0.999916526173302,   0.007032195236920]
  - [0.0, 0.0, 0.0, 1.0]
  T_cn_cnm1:
  - [0.9999778834394598, 0.0016153955390827547, -0.006451598963414448, 0.11007582210620079]
  - [-0.0016011165502701913, 0.9999962588873221, 0.0022178000691127717, 0.0008285703707170159]
  - [0.0064551574515940135, -0.0022074212571272546, 0.9999767288460581, -0.0011675238451157087]
  - [0.0, 0.0, 0.0, 1.0]
  cam_overlaps: [0]
  camera_model: pinhole
  distortion_coeffs: [-0.2900639150390839, 0.08289951258325284, 0.0001422700527305926,
    -0.00019263918520784942]
  distortion_model: radtan
  intrinsics: [465.2323441213557, 465.2026356393057, 383.02802078251756, 248.82003966353946]
  resolution: [752, 480]
  rostopic: /cam2/image_raw
