cam0:
  T_cam_imu:
  - [0.9999919617789177, -0.0009609709228913283, 0.0038926742013835267, -0.03655151645884307]
  - [0.0009590811938106818, 0.99999942135305, 0.0004872954237347775, 0.00749289441835397]
  - [-0.0038931402256325376, -0.0004835581161262499, 0.9999923047857584, 0.01591147153482024]
  - [0.0, 0.0, 0.0, 1.0]
  cam_overlaps: [1]
  camera_model: pinhole
  distortion_coeffs: [-0.009932603797231003, 0.030561856589967958, -0.04608547720062478,
    0.027080800192943403]
  distortion_model: equidistant
  intrinsics: [477.07734708408805, 476.6039365074344, 371.3552217731366, 224.83966896613882]
  resolution: [752, 480]
  rostopic: /cam0/image_raw
cam2:
  T_cam_imu:
  - [0.9999816184104994, 0.0052299198812368, -0.0030676993262810, 0.0735880635384759]
  - [-0.0052077242373538, 0.9999605249308933, 0.0071991796895423, 0.0113138598203151]
  - [0.0031052293616251, -0.0071830716250421, 0.9999693800475311, 0.0129614043340928]
  - [0.000000, 0.000000, 0.000000, 1.000000]
  T_cn_cnm1:
  - [0.9999564966134551, 0.006216885881085852, -0.00695379108744841, 0.11015384431237157]
  - [-0.006170176041498618, 0.9999583939384323, 0.006718580184011895, 0.0037165487860722542]
  - [0.006995270413875219, -0.006675381787855753, 0.9999532516422077, -0.00251944505876687]
  - [0.0, 0.0, 0.0, 1.0]
  cam_overlaps: [0]
  camera_model: pinhole
  distortion_coeffs: [-0.013205105967113601, 0.04166571031456277, -0.05813982554105027,
    0.03167038406465924]
  distortion_model: equidistant
  intrinsics: [476.28232851315323, 475.9865990118466, 389.4845814302253, 215.31322054754577]
  resolution: [752, 480]
  rostopic: /cam2/image_raw
# Cam1 and cam3 extrinsics taken from p23026, the intrisincs calibrated.
cam3:
  T_cam_imu:
  - [0.99998667862811, 0.0037687140115251804, -0.0035269478335720264, 0.01299194318898093]
  - [-0.004654123434954883, 0.36286954296954527, -0.9318283285670842, -0.10346015112711363]
  - [-0.0022319725297611503, 0.9318323301859476, 0.36288224910961636, -0.004197941429345299]
  - [0.0, 0.0, 0.0, 1.0]
  cam_overlaps: []
  camera_model: pinhole
  distortion_coeffs: [0.002676282935634586, -0.009028729134324518, 0.021310323512753703,
    -0.010784484154947723]
  distortion_model: equidistant
  intrinsics: [468.34911992531204, 467.51011711409643, 393.28180882281004, 248.7965138503661]
  resolution: [752, 480]
  rostopic: /cam3/image_raw
cam1:
  T_cam_imu:
  - [-0.99997601902077, -0.0009894669649075584, -0.006854366382080009, -0.02035563259128485]
  - [0.006090465734870274, 0.345485751457208, -0.9384042315373385, -0.10877185188215922]
  - [0.0032966059071115935, -0.9384234739685361, -0.3454714400559323, -0.16450848806661875]
  - [0.0, 0.0, 0.0, 1.0]
  cam_overlaps: []
  camera_model: pinhole
  distortion_coeffs: [-0.0020811446490358087, 0.02459620925131142, -0.03594295373362555,
    0.01975076885610941]
  distortion_model: equidistant
  intrinsics: [470.3106502199186, 469.81390775382687, 373.67701929993507, 241.3695600125719]
  resolution: [752, 480]
  rostopic: /cam1/image_raw
