cam0:
  T_cam_imu:
  - [0.9999919617789177, -0.0009609709228913283, 0.0038926742013835267, -0.03655151645884307]
  - [0.0009590811938106818, 0.99999942135305, 0.0004872954237347775, 0.00749289441835397]
  - [-0.0038931402256325376, -0.0004835581161262499, 0.9999923047857584, 0.01591147153482024]
  - [0.0, 0.0, 0.0, 1.0]
  cam_overlaps: [1]
  camera_model: pinhole
  distortion_coeffs: [-0.28880656940662025, 0.08050968266977657, 0.00010541546255260241,
    0.00041675938904689875]
  distortion_model: radtan
  intrinsics: [471.101089197347, 470.5664139503478, 368.29669572553405, 227.2036928622618]
  resolution: [752, 480]
  rostopic: /cam0/image_raw
cam2:
  T_cam_imu:
  - [0.9999816184104994, 0.0052299198812368, -0.0030676993262810, 0.0735880635384759]
  - [-0.0052077242373538, 0.9999605249308933, 0.0071991796895423, 0.0113138598203151]
  - [0.0031052293616251, -0.0071830716250421, 0.9999693800475311, 0.0129614043340928]
  - [0.000000, 0.000000, 0.000000, 1.000000]
  T_cn_cnm1:
  - [0.9999564966134551, 0.006216885881085852, -0.00695379108744841, 0.11015384431237157]
  - [-0.006170176041498618, 0.9999583939384323, 0.006718580184011895, 0.0037165487860722542]
  - [0.006995270413875219, -0.006675381787855753, 0.9999532516422077, -0.00251944505876687]
  - [0.0, 0.0, 0.0, 1.0]
  cam_overlaps: [0]
  camera_model: pinhole
  distortion_coeffs: [-0.2884624259198462, 0.08018099984766432, -0.0004829326486186369,
    0.0005076746588165773]
  distortion_model: radtan
  intrinsics: [471.03831286719003, 470.4635324600013, 386.17568646277107, 220.29222683121947]
  resolution: [752, 480]
  rostopic: /cam2/image_raw
