cam0:
  T_cam_imu:
  - [0.9999919617789177, -0.0009609709228913283, 0.0038926742013835267, -0.03655151645884307]
  - [0.0009590811938106818, 0.99999942135305, 0.0004872954237347775, 0.00749289441835397]
  - [-0.0038931402256325376, -0.0004835581161262499, 0.9999923047857584, 0.01591147153482024]
  - [0.0, 0.0, 0.0, 1.0]
  cam_overlaps: [1]
  camera_model: pinhole
  distortion_coeffs: [-0.009932603797231003, 0.030561856589967958, -0.04608547720062478,
    0.027080800192943403]
  distortion_model: equidistant
  intrinsics: [477.07734708408805, 476.6039365074344, 371.3552217731366, 224.83966896613882]
  resolution: [752, 480]
  rostopic: /cam0/image_raw
cam2:
  T_cam_imu:
  - [0.9999816184104994, 0.0052299198812368, -0.0030676993262810, 0.0735880635384759]
  - [-0.0052077242373538, 0.9999605249308933, 0.0071991796895423, 0.0113138598203151]
  - [0.0031052293616251, -0.0071830716250421, 0.9999693800475311, 0.0129614043340928]
  - [0.000000, 0.000000, 0.000000, 1.000000]
  T_cn_cnm1:
  - [0.9999564966134551, 0.006216885881085852, -0.00695379108744841, 0.11015384431237157]
  - [-0.006170176041498618, 0.9999583939384323, 0.006718580184011895, 0.0037165487860722542]
  - [0.006995270413875219, -0.006675381787855753, 0.9999532516422077, -0.00251944505876687]
  - [0.0, 0.0, 0.0, 1.0]
  cam_overlaps: [0]
  camera_model: pinhole
  distortion_coeffs: [-0.013205105967113601, 0.04166571031456277, -0.05813982554105027,
    0.03167038406465924]
  distortion_model: equidistant
  intrinsics: [476.28232851315323, 475.9865990118466, 389.4845814302253, 215.31322054754577]
  resolution: [752, 480]
  rostopic: /cam2/image_raw
# Cam1 and cam3 extrinsics taken from p23026, the intrisincs calibrated.
cam3:
  T_cam_imu:
  - [0.9999889481033852, 0.00019462297547791219, -0.00469742407953678, 0.007259386165975191]
  - [-0.004434721331789126, 0.37080103907837886, -0.9287017404232127, -0.11307389925425715]
  - [0.0015610630336313537, 0.9287123082743614, 0.3707978041222912, 0.024237814390160147]
  - [0.0, 0.0, 0.0, 1.0]
  cam_overlaps: []
  camera_model: pinhole
  distortion_coeffs: [0.002676282935634586, -0.009028729134324518, 0.021310323512753703,
    -0.010784484154947723]
  distortion_model: equidistant
  intrinsics: [468.34911992531204, 467.51011711409643, 393.28180882281004, 248.7965138503661]
  resolution: [752, 480]
  rostopic: /cam3/image_raw
cam1:
  T_cam_imu:
  - [-0.9999832113430148, -0.0049198012277669075, -0.003061468273538521, -0.016961048330363226]
  - [0.001158522203087591, 0.34791974978674134, -0.9375236026546934, -0.11222057120254704]
  - [0.005677575047110587, -0.9375114096714823, -0.3479082089824468, -0.1502633272934239]
  - [0.0, 0.0, 0.0, 1.0]
  cam_overlaps: []
  camera_model: pinhole
  distortion_coeffs: [-0.0020811446490358087, 0.02459620925131142, -0.03594295373362555,
    0.01975076885610941]
  distortion_model: equidistant
  intrinsics: [470.3106502199186, 469.81390775382687, 373.67701929993507, 241.3695600125719]
  resolution: [752, 480]
  rostopic: /cam1/image_raw
