%YAML:1.0
# p23030
cameras:
    # cam2
    - {T_SC:
       [ 0.9999378579, -0.00984153330356, 0.00523684640286, -0.0698127702145,
         0.00985728893288, 0.999946941424, -0.00299135265986, -0.00599206404583,
         -0.00520712904642, 0.00304278787902, 0.999981813459, -0.00538591248622,
          0.0, 0.0, 0.0, 1.0],
       image_dimension: [752, 480],
       distortion_coefficients: [-0.00496531081204, 0.0123194001532, -0.00614049482071, 0.00242352269097],
       distortion_type: equidistant,
       focal_length: [472.491871165, 472.065180547],
       principal_point: [387.574715943, 233.987234193]}
    # cam0
    - {T_SC:
       [ 0.999929620902, -0.0116684385156, -0.00214494397501, 0.0402183381796,
         0.0116562073455, 0.99991621995, -0.00562902400119, -0.00595174278224,
         0.00221044619195, 0.00560362592385, 0.999981856487, -0.00517459229113,
          0.0, 0.0, 0.0, 1.0],
       image_dimension: [752, 480],
       distortion_coefficients: [-0.00129618151897, 0.0103513666549, -0.0145799388883, 0.0105492911035],
       distortion_type: equidistant,
       focal_length: [472.701962187, 472.171818339],
       principal_point: [372.723919735, 234.096448279]}

camera_params:
    camera_rate: 20
    sigma_absolute_translation: 0.0 #1.0e-8
    sigma_absolute_orientation: 0.0 #1.0e-3
    sigma_c_relative_translation: 0.0 #1.0e-6 # below 1.0e-6 ruines numerics...
    sigma_c_relative_orientation: 0.0 #1.0e-6 # below 1.0e-6 ruines numerics...
    timestamp_tolerance: 0.005 # seconds

# tranform Body-Sensor (IMU)
T_BS:
    [1.0000, 0.0000, 0.0000, 0.0000,
     0.0000, 1.0000, 0.0000, 0.0000,
     0.0000, 0.0000, 1.0000, 0.0000,
     0.0000, 0.0000, 0.0000, 1.0000]

imu_params:
    a_max: 176.0 #m/s^2
    g_max: 7.8 #rad/s
    sigma_g_c: 6.0e-4 #6.0e-4
    sigma_a_c: 2.0e-3 #2.0e-3
    sigma_gw_c: 3.0e-6 #3.0e-6
    sigma_aw_c: 2.0e-5 #2.0e-5
    tau: 3600.0
    g: 9.81007
    a0: [ 0.0, -0.0, 0.00 ]
    #[09:49:28] Joern: accelerometer_noise_density: 1.7e-3, accelerometer_random_walk: 6.3895e-005,
    imu_rate: 200
#gyroscope_noise_density: 0.2e-3, gyroscope_random_walk: 2.8577e-006

# dummy magnetometer
magnetometer_params:
    stdev: 2.0                           # measurement (white noise part) stdev [uT]
    biasPriorStdev: 5.0                  # prior [uT]
    zDistortionPriorStdev: 2.0           # prior [uT]
    tau_bias: 100.0                     # reversion time constant of bias [s]
    tau_zDistortion: 1000.0               # reversion time constant of z-component [s]
    biasDiffNoiseDensity: 1.0e-2         # bias noise density [uT/sqrt(Hz)]
    zDistortionDiffNoiseDensity: 1.0e-4  # z-component noise density [uT/sqrt(Hz)]

# use the IMU at all?
useImu: true

# VIO window parameters
numKeyframes: 5
numImuFrames: 3

# ceres optimization options
ceres_options:
    minIterations: 3
    maxIterations: 10
    timeLimit: 0.025      # [s] negative values will set the an unlimited time limit

# detection
detectionThreshold: 40.0
detectionOctaves: 0

# delay of images [s]: -8ms with zero-order hold integration at 200 Hz: makes sense.
imageDelay: 0.0 # -0.0055 without Joern's awesome synchronization, 0 otherwise

# display Images?
displayImages: false

# use direct driver
useDriver: false

# save optimization to disk
saveGraphs: false

# rate at which odometry updates are published
# only works properly if imu_rate/publish_rate is an integer!!
publish_rate: 20

publishing_options:
    landmarkQualityThreshold: 1.0e-5     # landmark with lower quality will not be published
    maximumLandmarkQuality: 0.05         # landmark with higher quality will be published with the maximum colour intensity
    maxPathLength: 20                    # maximum length of the published path
    publishImuPropagatedState: true      # publish state after each processed IMU measurement instead of after each processed image

