cam0:
  T_cam_imu:
  - [0.9999450494520921, 0.009962091443580626, 0.003264170694570754, -0.0388616155862083]
  - [-0.009980266335168159, 0.9999345159016705, 0.00559983860225461, 0.008401039936002887]
  - [-0.0032081708390710732, -0.005632108180950486, 0.9999789932780117, 0.008489710714262957]
  - [0.0, 0.0, 0.0, 1.0]
  cam_overlaps: [1]
  camera_model: pinhole
  distortion_coeffs: [-0.28836299121085607, 0.08058159132351031, 0.00031950119517626114,
    0.0002834393676882468]
  distortion_model: radtan
  intrinsics: [469.4592654861662, 469.5746773737554, 371.19947913857743, 233.1755041937568]
  resolution: [752, 480]
  rostopic: /cam0/image_raw
cam2:
  T_cam_imu:
  - [0.9999580505443748, 0.0081659291404942, -0.0041490664932597, 0.0711147558835389]
  - [-0.0081534052672246, 0.9999621804812091, 0.0030264814246411, 0.0074582462745725]
  - [0.0041736236104201, -0.0029925254447927, 0.9999868127417583, 0.0088790029665713]
  - [0.000000, 0.000000, 0.000000, 1.000000]
  T_cn_cnm1:
  - [0.9999710857601574, -0.0018048079352170564, -0.007387172122552673, 0.10997848862366644]
  - [0.0017852958907548515, 0.9999949028193151, -0.0026470840504628653, 0.0001506702096982467]
  - [0.007391911947101078, 0.0026338192240050553, 0.9999692108430444, 0.0007429862310617915]
  - [0.0, 0.0, 0.0, 1.0]
  cam_overlaps: [0]
  camera_model: pinhole
  distortion_coeffs: [-0.2909232547362097, 0.08283270959225245, 0.0003623725936471898,
    0.00046689216582867013]
  distortion_model: radtan
  intrinsics: [469.1546222284837, 469.32969034389697, 386.5063441652465, 233.04593154083736]
  resolution: [752, 480]
  rostopic: /cam2/image_raw
