cam0:
  T_cam_imu:
  - [0.9999296209023671, 0.01165620734545958, 0.0022104461919523837, -0.04013469474353815]
  - [-0.011668438515583468, 0.9999162199500082, 0.00560362592384813, 0.006449525830689927]
  - [-0.0021449439750051516, -0.005629024001194941, 0.9999818564874753, 0.005227261985047039]
  - [0.0, 0.0, 0.0, 1.0]
  cam_overlaps: [1]
  camera_model: pinhole
  distortion_coeffs: [-0.0012961815189664729, 0.010351366654876125, -0.014579938888321622,
    0.010549291103498143]
  distortion_model: equidistant
  intrinsics: [472.7019621866207, 472.17181833933734, 372.7239197349748, 234.0964482788201]
  resolution: [752, 480]
  rostopic: /cam0/image_raw
cam2:
  T_cam_imu:
  - [0.9999378579001729, 0.0098572889328755, -0.0052071290464200, 0.0698394522676301]
  - [-0.0098415333035642, 0.9999469414244723, 0.0030427878790173, 0.0053210696015939]
  - [0.0052368464028552, -0.0029913526598629, 0.9999818134591330, 0.0057334889129487]
  - [0.000000, 0.000000, 0.000000, 1.000000]
  T_cn_cnm1:
  - [0.9999710857601574, -0.0018048079352170564, -0.007387172122552673, 0.10997848862366644]
  - [0.0017852958907548515, 0.9999949028193151, -0.0026470840504628653, 0.0001506702096982467]
  - [0.007391911947101078, 0.0026338192240050553, 0.9999692108430444, 0.0007429862310617915]
  - [0.0, 0.0, 0.0, 1.0]
  cam_overlaps: [0]
  camera_model: pinhole
  distortion_coeffs: [-0.004965310812039965, 0.012319400153157002, -0.0061404948207055225,
    0.002423522690973779]
  distortion_model: equidistant
  intrinsics: [472.49187116451156, 472.06518054668214, 387.57471594319776, 233.98723419275487]
  resolution: [752, 480]
  rostopic: /cam2/image_raw
# Cam1 and cam3 extrinsics taken from p23026, the intrisincs calibrated.
cam3:
  T_cam_imu:
  - [0.9999889481033852, 0.00019462297547791219, -0.00469742407953678, 0.007259386165975191]
  - [-0.004434721331789126, 0.37080103907837886, -0.9287017404232127, -0.11307389925425715]
  - [0.0015610630336313537, 0.9287123082743614, 0.3707978041222912, 0.024237814390160147]
  - [0.0, 0.0, 0.0, 1.0]
  cam_overlaps: []
  camera_model: pinhole
  distortion_coeffs: [0.0007372704669294092, 0.008006959417721171, -0.0037794182110827356,
    0.0007902822919254334]
  distortion_model: equidistant
  intrinsics: [469.26690747102595, 468.31397413162495, 391.25994588366393, 270.73352571530796]
  resolution: [752, 480]
  rostopic: /cam3/image_raw
cam1:
  T_cam_imu:
  - [-0.9999832113430148, -0.0049198012277669075, -0.003061468273538521, -0.016961048330363226]
  - [0.001158522203087591, 0.34791974978674134, -0.9375236026546934, -0.11222057120254704]
  - [0.005677575047110587, -0.9375114096714823, -0.3479082089824468, -0.1502633272934239]
  - [0.0, 0.0, 0.0, 1.0]
  cam_overlaps: []
  camera_model: pinhole
  distortion_coeffs: [-0.004296871687988206, 0.023780046694167088, -0.02873753201402209,
    0.014709496233752294]
  distortion_model: equidistant
  intrinsics: [471.436347758102, 471.190116204943, 395.7448804321405, 218.05267430916567]
  resolution: [752, 480]
  rostopic: /cam1/image_raw
