cam0:
  T_cam_imu:
  - [0.9999450494520921, 0.009962091443580626, 0.003264170694570754, -0.0388616155862083]
  - [-0.009980266335168159, 0.9999345159016705, 0.00559983860225461, 0.008401039936002887]
  - [-0.0032081708390710732, -0.005632108180950486, 0.9999789932780117, 0.008489710714262957]
  - [0.0, 0.0, 0.0, 1.0]
  cam_overlaps: [1]
  camera_model: pinhole
  distortion_coeffs: [-0.0012961815189664729, 0.010351366654876125, -0.014579938888321622,
    0.010549291103498143]
  distortion_model: equidistant
  intrinsics: [472.7019621866207, 472.17181833933734, 372.7239197349748, 234.0964482788201]
  resolution: [752, 480]
  rostopic: /cam0/image_raw
cam2:
  T_cam_imu:
  - [0.9999580505443748, 0.0081659291404942, -0.0041490664932597, 0.0711147558835389]
  - [-0.0081534052672246, 0.9999621804812091, 0.0030264814246411, 0.0074582462745725]
  - [0.0041736236104201, -0.0029925254447927, 0.9999868127417583, 0.0088790029665713]
  - [0.000000, 0.000000, 0.000000, 1.000000]
  T_cn_cnm1:
  - [0.9999710857601574, -0.0018048079352170564, -0.007387172122552673, 0.10997848862366644]
  - [0.0017852958907548515, 0.9999949028193151, -0.0026470840504628653, 0.0001506702096982467]
  - [0.007391911947101078, 0.0026338192240050553, 0.9999692108430444, 0.0007429862310617915]
  - [0.0, 0.0, 0.0, 1.0]
  cam_overlaps: [0]
  camera_model: pinhole
  distortion_coeffs: [-0.004965310812039965, 0.012319400153157002, -0.0061404948207055225,
    0.002423522690973779]
  distortion_model: equidistant
  intrinsics: [472.49187116451156, 472.06518054668214, 387.57471594319776, 233.98723419275487]
  resolution: [752, 480]
  rostopic: /cam2/image_raw
# Cam1 and cam3 extrinsics taken from p23026, the intrisincs calibrated.
cam3:
  T_cam_imu:
  - [0.9999889481033852, 0.00019462297547791219, -0.00469742407953678, 0.007259386165975191]
  - [-0.004434721331789126, 0.37080103907837886, -0.9287017404232127, -0.11307389925425715]
  - [0.0015610630336313537, 0.9287123082743614, 0.3707978041222912, 0.024237814390160147]
  - [0.0, 0.0, 0.0, 1.0]
  cam_overlaps: []
  camera_model: pinhole
  distortion_coeffs: [0.0007372704669294092, 0.008006959417721171, -0.0037794182110827356,
    0.0007902822919254334]
  distortion_model: equidistant
  intrinsics: [469.26690747102595, 468.31397413162495, 391.25994588366393, 270.73352571530796]
  resolution: [752, 480]
  rostopic: /cam3/image_raw
cam1:
  T_cam_imu:
  - [-0.9999832113430148, -0.0049198012277669075, -0.003061468273538521, -0.016961048330363226]
  - [0.001158522203087591, 0.34791974978674134, -0.9375236026546934, -0.11222057120254704]
  - [0.005677575047110587, -0.9375114096714823, -0.3479082089824468, -0.1502633272934239]
  - [0.0, 0.0, 0.0, 1.0]
  cam_overlaps: []
  camera_model: pinhole
  distortion_coeffs: [-0.004296871687988206, 0.023780046694167088, -0.02873753201402209,
    0.014709496233752294]
  distortion_model: equidistant
  intrinsics: [471.436347758102, 471.190116204943, 395.7448804321405, 218.05267430916567]
  resolution: [752, 480]
  rostopic: /cam1/image_raw
