cam0:
  T_cam_imu:
  - [0.9999450494520921, 0.009962091443580626, 0.003264170694570754, -0.0388616155862083]
  - [-0.009980266335168159, 0.9999345159016705, 0.00559983860225461, 0.008401039936002887]
  - [-0.0032081708390710732, -0.005632108180950486, 0.9999789932780117, 0.008489710714262957]
  - [0.0, 0.0, 0.0, 1.0]
  cam_overlaps: [1]
  camera_model: pinhole
  distortion_coeffs: [-0.0012961815189664729, 0.010351366654876125, -0.014579938888321622,
    0.010549291103498143]
  distortion_model: equidistant
  intrinsics: [472.7019621866207, 472.17181833933734, 372.7239197349748, 234.0964482788201]
  resolution: [752, 480]
  rostopic: /cam0/image_raw
cam2:
  T_cam_imu:
  - [0.9999580505443748, 0.0081659291404942, -0.0041490664932597, 0.0711147558835389]
  - [-0.0081534052672246, 0.9999621804812091, 0.0030264814246411, 0.0074582462745725]
  - [0.0041736236104201, -0.0029925254447927, 0.9999868127417583, 0.0088790029665713]
  - [0.000000, 0.000000, 0.000000, 1.000000]
  T_cn_cnm1:
  - [0.9999710857601574, -0.0018048079352170564, -0.007387172122552673, 0.10997848862366644]
  - [0.0017852958907548515, 0.9999949028193151, -0.0026470840504628653, 0.0001506702096982467]
  - [0.007391911947101078, 0.0026338192240050553, 0.9999692108430444, 0.0007429862310617915]
  - [0.0, 0.0, 0.0, 1.0]
  cam_overlaps: [0]
  camera_model: pinhole
  distortion_coeffs: [-0.004965310812039965, 0.012319400153157002, -0.0061404948207055225,
    0.002423522690973779]
  distortion_model: equidistant
  intrinsics: [472.49187116451156, 472.06518054668214, 387.57471594319776, 233.98723419275487]
  resolution: [752, 480]
  rostopic: /cam2/image_raw
# Cam1 and cam3 extrinsics taken from p23026, the intrisincs calibrated.
cam3:
  T_cam_imu:
  - [0.99998667862811, 0.0037687140115251804, -0.0035269478335720264, 0.01299194318898093]
  - [-0.004654123434954883, 0.36286954296954527, -0.9318283285670842, -0.10346015112711363]
  - [-0.0022319725297611503, 0.9318323301859476, 0.36288224910961636, -0.004197941429345299]
  - [0.0, 0.0, 0.0, 1.0]
  cam_overlaps: []
  camera_model: pinhole
  distortion_coeffs: [0.0007372704669294092, 0.008006959417721171, -0.0037794182110827356,
    0.0007902822919254334]
  distortion_model: equidistant
  intrinsics: [469.26690747102595, 468.31397413162495, 391.25994588366393, 270.73352571530796]
  resolution: [752, 480]
  rostopic: /cam3/image_raw
cam1:
  T_cam_imu:
  - [-0.99997601902077, -0.0009894669649075584, -0.006854366382080009, -0.02035563259128485]
  - [0.006090465734870274, 0.345485751457208, -0.9384042315373385, -0.10877185188215922]
  - [0.0032966059071115935, -0.9384234739685361, -0.3454714400559323, -0.16450848806661875]
  - [0.0, 0.0, 0.0, 1.0]
  cam_overlaps: []
  camera_model: pinhole
  distortion_coeffs: [-0.004296871687988206, 0.023780046694167088, -0.02873753201402209,
    0.014709496233752294]
  distortion_model: equidistant
  intrinsics: [471.436347758102, 471.190116204943, 395.7448804321405, 218.05267430916567]
  resolution: [752, 480]
  rostopic: /cam1/image_raw
